   0.0000000999999999999999955    0.0000004409292638797999850
   0.0000003578947368420999976    0.0000001232008498845999974
   0.0000006157894736841999997    0.0000000716118202376499976
   0.0000008736842105263000018    0.0000000504678934042600014
   0.0000011315789473680000985    0.0000000389688483437599978
   0.0000013894736842109999672    0.0000000317283823624900003
   0.0000016473684210529999136    0.0000000267613719449499987
   0.0000019052631578950000717    0.0000000231390302318800000
   0.0000021631578947369998063    0.0000000203842050737499989
   0.0000024210526315790001761    0.0000000182125446897899983
   0.0000026789473684210001225    0.0000000164596402825600012
   0.0000029368421052630000688    0.0000000150155951047299993
   0.0000031947368421050000152    0.0000000138020667506599998
   0.0000034526315789469999615    0.0000000127690569319899992
   0.0000037105263157889999079    0.0000000118816163126899997
   0.0000039684210526319997766    0.0000000111095227580899992
   0.0000042263157894739997229    0.0000000104333790069700008
   0.0000044842105263159996693    0.0000000098335761173020007
   0.0000047421052631579996156    0.0000000092992898565569995
   0.0000050000000000000004090    0.0000000088176386043409997
