   0.0000000999999999999999955    0.0546956799771800006304545
   0.0000003538461538462000260    0.0580907226112200025802679
   0.0000006076923076923999507    0.0622376627696799994415855
   0.0000008615384615385999812    0.0667108724801000058102218
   0.0000011153846153849999115    0.0716714111287399951999433
   0.0000013692307692309999364    0.0770348577276200041641374
   0.0000016230769230769999613    0.0829140926427300029022405
   0.0000018769230769229999862    0.0893250501283199965785187
   0.0000021307692307699999335    0.0962431463259399988530163
   0.0000023846153846159999584    0.1037188666429000039048702
   0.0000026384615384619999832    0.1118106190402999994271127
   0.0000028923076923080000081    0.1204214650470999958820073
   0.0000031461538461540000330    0.1295019886678999976314941
   0.0000034000000000009999803    0.1389551439772999941180132
   0.0000036538461538470000052    0.1486220204586999882323539
   0.0000039076923076930000301    0.1582895194619000078795068
   0.0000041615384615389996314    0.1678222357265999886699603
   0.0000044153846153850000798    0.1767135903858000067767620
   0.0000046692307692320000271    0.1845572049931999969452079
   0.0000049230769230779996285    0.1912306931018999955895765
   0.0000051769230769240000769    0.1959952589615999996031093
   0.0000054307692307699996783    0.1989946488500000110200006
   0.0000056846153846160001267    0.1999091618939999870363522
   0.0000059384615384630000739    0.1983043072103999882038750
   0.0000061923076923089996753    0.1945631815005000042617667
   0.0000064461538461550001237    0.1889764552569999922493338
   0.0000067000000000009997251    0.1819136200792000057635533
   0.0000069538461538470001735    0.1737923877512000114808899
   0.0000072076923076940001208    0.1648094347925999902937377
   0.0000074615384615399997221    0.1554763559088999935742237
   0.0000077153846153859993235    0.1460879198335000017650032
   0.0000079692307692320006189    0.1368137017581000092203425
   0.0000082230769230780002203    0.1278509179824000030478715
   0.0000084769230769249993206    0.1193273711394999964108266
   0.0000087307692307710006160    0.1113151572266000005617670
   0.0000089846153846170002174    0.1038446534913999991234235
   0.0000092384615384629998187    0.0969507569570799976332864
   0.0000094923076923089994201    0.0906619852167299955514324
   0.0000097461538461560002144    0.0848722160210099996202615
   0.0000100000000000000008180    0.0795456396964600020993430
